1217 0
7 1
9 2
1230 3
1656 4
61 5
1291 6
78 7
1294 8
1314 9
1338 10
1342 11
1344 12
1347 13
1400 14
176 15
1407 16
179 17
188 18
2091 19
1245 20
1425 21
1540 22
197 23
1435 24
1447 25
224 26
520 27
1476 28
244 29
2069 30
253 31
1520 32
295 33
297 34
309 35
313 36
316 37
1581 38
1623 39
397 40
408 41
1658 42
1677 43
1679 44
1944 45
439 46
443 47
1708 48
463 49
473 50
2135 51
84 52
485 53
1763 54
498 55
1789 56
1792 57
1758 58
911 59
609 60
1866 61
629 62
636 63
1326 64
1889 65
652 66
655 67
1902 68
1905 69
1936 70
1966 71
1786 72
1984 73
736 74
740 75
757 76
767 77
501 78
775 79
811 80
1994 81
2079 82
1995 83
831 84
1808 85
851 86
854 87
862 88
877 89
2128 90
923 91
2354 92
932 93
2207 94
969 95
2209 96
973 97
1023 98
1037 99
995 100
2262 101
2266 102
1050 103
988 104
2283 105
1672 106
1074 107
1085 108
2321 109
570 110
2076 111
2348 112
1138 113
2056 114
2385 115
1197 116
1199 117
1209 118
1244 119
1256 120
1310 121
120 122
128 123
192 124
1461 125
1472 126
2108 127
267 128
2302 129
810 130
2168 131
400 132
1735 133
553 134
1849 135
1901 136
2081 137
2080 138
845 139
1579 140
2005 141
927 142
944 143
2257 144
416 145
31 146
1089 147
1416 148
590 149
391 150
29 151
819 152
49 153
64 154
1360 155
144 156
1397 157
1305 158
1430 159
1267 160
1497 161
307 162
329 163
67 164
349 165
1627 166
421 167
430 168
1768 169
521 170
536 171
1816 172
572 173
920 174
638 175
639 176
1928 177
1953 178
1958 179
1977 180
743 181
729 182
2018 183
2019 184
1559 185
751 186
2106 187
886 188
2376 189
958 190
930 191
936 192
2214 193
1825 194
1183 195
1574 196
1032 197
1054 198
1081 199
1967 200
1147 201
637 202
2386 203
1670 204
1333 205
1336 206
2248 207
2414 208
2242 209
2406 210
1728 211
492 212
656 213
668 214
684 215
2016 216
2061 217
848 218
855 219
881 220
2392 221
350 222
1602 223
2253 224
1029 225
1080 226
2237 227
87 228
1205 229
1650 230
17 231
1243 232
616 233
2190 234
1297 235
93 236
101 237
1324 238
2082 239
130 240
152 241
1680 242
1391 243
1431 244
1434 245
205 246
1057 247
248 248
1495 249
1504 250
269 251
275 252
290 253
242 254
314 255
315 256
1566 257
1916 258
345 259
1608 260
1628 261
1637 262
388 263
1664 264
428 265
448 266
461 267
1724 268
2324 269
1759 270
1699 271
2329 272
544 273
596 274
495 275
1858 276
1867 277
627 278
650 279
657 280
1911 281
1929 282
931 283
716 284
1976 285
1985 286
2008 287
760 288
2356 289
1563 290
2045 291
2046 292
823 293
2365 294
1919 295
935 296
1381 297
2226 298
2083 299
1010 300
170 301
1024 302
1030 303
1945 304
1833 305
2398 306
1076 307
2312 308
2251 309
1979 310
1101 311
1709 312
1151 313
2370 314
1529 315
1181 316
2417 317
48 318
1223 319
1298 320
1885 321
241 322
1527 323
2274 324
347 325
1283 326
2352 327
1751 328
537 329
647 330
1950 331
1978 332
1341 333
2002 334
2026 335
785 336
1794 337
2048 338
1937 339
2366 340
883 341
887 342
1813 343
2145 344
365 345
1692 346
2182 347
2367 348
1177 349
74 350
1836 351
122 352
180 353
1421 354
417 355
2148 356
745 357
2255 358
155 359
1582 360
342 361
1459 362
1609 363
404 364
1662 365
499 366
1016 367
1871 368
1998 369
2199 370
1048 371
2273 372
2187 373
2249 374
54 375
1280 376
2252 377
1331 378
124 379
1377 380
1401 381
1408 382
2115 383
2097 384
1564 385
351 386
354 387
1604 388
2379 389
371 390
1289 391
1641 392
2164 393
557 394
1938 395
452 396
488 397
497 398
1769 399
533 400
563 401
601 402
622 403
1865 404
624 405
1117 406
1920 407
686 408
1941 409
378 410
1980 411
1990 412
749 413
2013 414
2029 415
791 416
1802 417
809 418
2258 419
2022 420
2119 421
892 422
906 423
2144 424
2146 425
918 426
976 427
981 428
2238 429
1042 430
1943 431
2296 432
376 433
1142 434
1192 435
1204 436
1261 437
44 438
2275 439
86 440
1358 441
1883 442
1247 443
2092 444
1251 445
233 446
240 447
1511 448
1561 449
2165 450
1584 451
355 452
1630 453
394 454
1689 455
1716 456
1732 457
1771 458
516 459
518 460
1846 461
1857 462
1537 463
2339 464
1924 465
671 466
685 467
687 468
712 469
778 470
1569 471
2191 472
907 473
965 474
996 475
1013 476
1649 477
1238 478
1043 479
2268 480
1412 481
1126 482
1012 483
2265 484
1160 485
1196 486
57 487
405 488
1302 489
1355 490
1361 491
1369 492
153 493
1388 494
1392 495
168 496
435 497
1691 498
1531 499
319 500
426 501
1687 502
1749 503
505 504
517 505
602 506
1908 507
683 508
1972 509
792 510
2055 511
2085 512
840 513
1573 514
867 515
2134 516
2204 517
2223 518
1787 519
2360 520
1273 521
2243 522
1854 523
1880 524
1462 525
1530 526
1543 527
2358 528
464 529
2322 530
1772 531
500 532
763 533
331 534
547 535
1725 536
989 537
2239 538
1019 539
1116 540
1737 541
1770 542
460 543
89 544
1317 545
104 546
132 547
2307 548
2271 549
1398 550
175 551
648 552
1464 553
235 554
245 555
1489 556
2102 557
1914 558
1557 559
1586 560
370 561
2377 562
441 563
477 564
1797 565
1930 566
538 567
576 568
1881 569
691 570
1837 571
728 572
2206 573
733 574
788 575
839 576
1503 577
852 578
876 579
1373 580
891 581
2205 582
1607 583
2232 584
1034 585
402 586
2301 587
1075 588
1077 589
1106 590
1124 591
1128 592
2346 593
2395 594
1271 595
2121 596
1660 597
150 598
199 599
1481 600
1516 601
446 602
476 603
1311 604
628 605
720 606
2219 607
2276 608
1587 609
943 610
992 611
166 612
1025 613
2304 614
1365 615
1176 616
28 617
1270 618
1356 619
1359 620
1367 621
165 622
212 623
1480 624
1676 625
1496 626
1590 627
1595 628
353 629
1500 630
413 631
440 632
450 633
487 634
508 635
2143 636
554 637
1227 638
595 639
1884 640
1544 641
522 642
1991 643
755 644
2040 645
805 646
816 647
1806 648
856 649
898 650
2169 651
2202 652
974 653
1004 654
1039 655
1565 656
2291 657
1062 658
1086 659
2341 660
1710 661
1634 662
1156 663
1624 664
191 665
2405 666
2415 667
95 668
1383 669
1405 670
202 671
237 672
256 673
449 674
1688 675
888 676
2125 677
1876 678
824 679
2101 680
926 681
2103 682
1099 683
1153 684
1891 685
1681 686
1761 687
1776 688
2179 689
234 690
1221 691
35 692
1254 693
1290 694
88 695
106 696
111 697
1390 698
189 699
1441 700
21 701
1445 702
1457 703
1487 704
278 705
312 706
328 707
2351 708
1474 709
2401 710
1625 711
1729 712
1819 713
565 714
606 715
615 716
2334 717
678 718
1933 719
701 720
709 721
721 722
742 723
1987 724
2007 725
786 726
2196 727
800 728
2064 729
870 730
873 731
975 732
1001 733
1014 734
1498 735
2036 736
2323 737
2327 738
1105 739
1108 740
1122 741
1678 742
1155 743
1460 744
1695 745
262 746
2375 747
543 748
947 749
2229 750
1418 751
26 752
148 753
149 754
1268 755
467 756
1633 757
1800 758
1805 759
1988 760
746 761
2024 762
1455 763
1252 764
910 765
1045 766
2224 767
1187 768
3 769
30 770
39 771
2306 772
1567 773
1571 774
66 775
1601 776
1615 777
424 778
1948 779
1785 780
562 781
1852 782
1875 783
1912 784
1960 785
776 786
806 787
818 788
978 789
2245 790
803 791
2289 792
799 793
1262 794
322 795
679 796
1470 797
1698 798
1859 799
672 800
917 801
950 802
1175 803
2397 804
2254 805
407 806
99 807
107 808
113 809
20 810
1353 811
1376 812
209 813
1506 814
336 815
344 816
2059 817
486 818
1804 819
1534 820
667 821
1969 822
123 823
744 824
2072 825
1738 826
2104 827
481 828
2155 829
2010 830
2403 831
957 832
2256 833
1466 834
1877 835
582 836
1888 837
2285 838
2177 839
952 840
2192 841
2193 842
2402 843
337 844
2317 845
1087 846
611 847
717 848
471 849
158 850
173 851
286 852
2109 853
1588 854
1614 855
673 856
393 857
1669 858
623 859
983 860
2044 861
1129 862
1135 863
1420 864
1348 865
1423 866
198 867
221 868
1512 869
283 870
1550 871
453 872
545 873
706 874
434 875
2030 876
793 877
2100 878
928 879
2299 880
1109 881
1136 882
1235 883
43 884
1458 885
1490 886
2033 887
1363 888
2185 889
1104 890
6 891
1026 892
2074 893
97 894
1345 895
1403 896
1449 897
1450 898
1494 899
260 900
1620 901
277 902
2162 903
564 904
1553 905
323 906
1596 907
2118 908
2123 909
387 910
1665 911
1774 912
1843 913
593 914
1868 915
317 916
731 917
2023 918
2088 919
2131 920
2166 921
1275 922
1008 923
1179 924
1079 925
135 926
1507 927
525 928
540 929
1983 930
556 931
2381 932
612 933
1469 934
1246 935
1437 936
1312 937
134 938
146 939
1385 940
1432 941
1477 942
1618 943
390 944
2133 945
604 946
702 947
790 948
835 949
912 950
1064 951
2310 952
186 953
1131 954
2388 955
1515 956
1171 957
1668 958
2378 959
11 960
45 961
68 962
1352 963
1374 964
247 965
264 966
469 967
482 968
510 969
1850 970
2178 971
2043 972
900 973
2067 974
980 975
1047 976
2269 977
2159 978
1000 979
2418 980
145 981
1505 982
285 983
326 984
1635 985
1736 986
493 987
2090 988
2393 989
2220 990
1170 991
1058 992
1234 993
195 994
196 995
664 996
1629 997
1673 998
586 999
1845 1000
1915 1001
2012 1002
814 1003
828 1004
942 1005
970 1006
1174 1007
2420 1008
59 1009
1286 1010
1296 1011
1438 1012
239 1013
281 1014
1528 1015
296 1016
1714 1017
2355 1018
529 1019
1903 1020
1935 1021
2004 1022
769 1023
772 1024
2126 1025
2212 1026
1049 1027
2399 1028
1115 1029
2303 1030
1211 1031
1272 1032
866 1033
1940 1034
1325 1035
1467 1036
1870 1037
722 1038
2152 1039
2359 1040
1213 1041
1240 1042
263 1043
282 1044
1577 1045
1073 1046
2410 1047
411 1048
2316 1049
2374 1050
681 1051
704 1052
1965 1053
756 1054
2035 1055
2058 1056
2114 1057
2250 1058
1642 1059
1918 1060
531 1061
644 1062
41 1063
52 1064
774 1065
1926 1066
707 1067
2149 1068
1198 1069
797 1070
2 1071
19 1072
1248 1073
206 1074
222 1075
425 1076
779 1077
1975 1078
2062 1079
1451 1080
2413 1081
213 1082
1454 1083
259 1084
291 1085
304 1086
1640 1087
1517 1088
494 1089
561 1090
1822 1091
1851 1092
1963 1093
1893 1094
825 1095
834 1096
1343 1097
1103 1098
1130 1099
1139 1100
1906 1101
32 1102
71 1103
1293 1104
465 1105
2073 1106
1020 1107
2345 1108
1134 1109
12 1110
1301 1111
1265 1112
1704 1113
630 1114
924 1115
1951 1116
909 1117
919 1118
1795 1119
2241 1120
1052 1121
398 1122
2390 1123
335 1124
1258 1125
1621 1126
437 1127
310 1128
2286 1129
921 1130
959 1131
1546 1132
1070 1133
1189 1134
1993 1135
653 1136
1220 1137
140 1138
40 1139
163 1140
1488 1141
1417 1142
2340 1143
1393 1144
646 1145
2309 1146
415 1147
882 1148
569 1149
1767 1150
1777 1151
964 1152
114 1153
2111 1154
318 1155
1518 1156
1399 1157
1760 1158
986 1159
2039 1160
1186 1161
1510 1162
830 1163
1257 1164
63 1165
1685 1166
289 1167
994 1168
72 1169
217 1170
1873 1171
1818 1172
10 1173
225 1174
271 1175
1697 1176
503 1177
1829 1178
56 1179
1934 1180
787 1181
998 1182
2234 1183
2297 1184
1141 1185
1644 1186
60 1187
403 1188
2183 1189
383 1190
1799 1191
991 1192
200 1193
1419 1194
257 1195
276 1196
386 1197
1648 1198
496 1199
1523 1200
1844 1201
1562 1202
2287 1203
1208 1204
2338 1205
432 1206
804 1207
1340 1208
2037 1209
1890 1210
1892 1211
274 1212
1600 1213
381 1214
591 1215
534 1216
1757 1217
597 1218
599 1219
764 1220
1598 1221
871 1222
2233 1223
1063 1224
109 1225
490 1226
2078 1227
1172 1228
384 1229
530 1230
535 1231
1900 1232
1947 1233
715 1234
2201 1235
1632 1236
1753 1237
539 1238
844 1239
2176 1240
2231 1241
1095 1242
203 1243
125 1244
127 1245
1350 1246
184 1247
1411 1248
254 1249
1547 1250
1954 1251
2042 1252
1730 1253
1824 1254
575 1255
592 1256
594 1257
654 1258
708 1259
741 1260
915 1261
1040 1262
4 1263
987 1264
1841 1265
1364 1266
1239 1267
2094 1268
303 1269
306 1270
1576 1271
457 1272
2325 1273
1746 1274
1779 1275
528 1276
2142 1277
1856 1278
1896 1279
922 1280
2020 1281
2259 1282
1144 1283
103 1284
160 1285
1406 1286
230 1287
1479 1288
1514 1289
2041 1290
2298 1291
305 1292
1686 1293
433 1294
459 1295
1739 1296
489 1297
901 1298
1831 1299
661 1300
2009 1301
2031 1302
872 1303
2021 1304
1796 1305
605 1306
651 1307
2175 1308
1334 1309
177 1310
1541 1311
332 1312
634 1313
642 1314
669 1315
1970 1316
939 1317
955 1318
971 1319
1009 1320
1165 1321
2314 1322
249 1323
1558 1324
2129 1325
737 1326
880 1327
1022 1328
2015 1329
2342 1330
474 1331
1166 1332
147 1333
549 1334
1575 1335
343 1336
574 1337
747 1338
863 1339
2396 1340
442 1341
491 1342
1838 1343
1484 1344
833 1345
2000 1346
2139 1347
1097 1348
1214 1349
1524 1350
822 1351
842 1352
2198 1353
1180 1354
1315 1355
363 1356
1643 1357
899 1358
1323 1359
568 1360
2137 1361
645 1362
70 1363
211 1364
1793 1365
2150 1366
14 1367
1316 1368
1404 1369
2331 1370
360 1371
1773 1372
1082 1373
1046 1374
1532 1375
1443 1376
2270 1377
2203 1378
1299 1379
83 1380
151 1381
1083 1382
506 1383
2174 1384
1225 1385
2419 1386
1368 1387
1886 1388
843 1389
2246 1390
2227 1391
2409 1392
559 1393
951 1394
527 1395
2122 1396
937 1397
967 1398
1110 1399
732 1400
2038 1401
953 1402
1379 1403
327 1404
1707 1405
204 1406
977 1407
1053 1408
1923 1409
1203 1410
273 1411
1694 1412
1545 1413
1084 1414
1206 1415
406 1416
1922 1417
2060 1418
813 1419
1228 1420
1362 1421
1158 1422
1188 1423
2163 1424
1485 1425
475 1426
1395 1427
558 1428
1869 1429
2096 1430
1463 1431
783 1432
2105 1433
1282 1434
1371 1435
174 1436
1429 1437
1468 1438
261 1439
1921 1440
1253 1441
1717 1442
1765 1443
532 1444
1521 1445
670 1446
675 1447
719 1448
773 1449
2075 1450
1811 1451
2170 1452
962 1453
1394 1454
1093 1455
1210 1456
780 1457
110 1458
299 1459
1491 1460
2052 1461
724 1462
62 1463
215 1464
220 1465
287 1466
2195 1467
1241 1468
1386 1469
194 1470
1448 1471
340 1472
1727 1473
846 1474
2210 1475
1413 1476
1483 1477
1591 1478
1706 1479
515 1480
603 1481
607 1482
1989 1483
777 1484
857 1485
2130 1486
373 1487
2160 1488
1232 1489
65 1490
178 1491
1862 1492
2054 1493
2113 1494
2263 1495
2295 1496
1292 1497
1478 1498
893 1499
2197 1500
649 1501
2006 1502
2084 1503
143 1504
941 1505
1878 1506
1907 1507
808 1508
1981 1509
925 1510
420 1511
885 1512
2282 1513
1741 1514
410 1515
1384 1516
1631 1517
662 1518
938 1519
162 1520
1018 1521
1754 1522
172 1523
1332 1524
735 1525
913 1526
42 1527
1636 1528
1705 1529
579 1530
820 1531
1427 1532
392 1533
640 1534
2278 1535
2357 1536
1041 1537
219 1538
79 1539
1599 1540
694 1541
1848 1542
2138 1543
1616 1544
2222 1545
1055 1546
1274 1547
1295 1548
1750 1549
1436 1550
1766 1551
723 1552
92 1553
1999 1554
2001 1555
2151 1556
1471 1557
1396 1558
226 1559
625 1560
698 1561
1959 1562
2047 1563
849 1564
1229 1565
422 1566
348 1567
36 1568
161 1569
1446 1570
1513 1571
357 1572
438 1573
1740 1574
1840 1575
692 1576
1997 1577
2095 1578
1123 1579
15 1580
208 1581
1675 1582
1137 1583
1162 1584
46 1585
1578 1586
251 1587
1570 1588
1626 1589
1303 1590
1525 1591
1812 1592
385 1593
621 1594
748 1595
1060 1596
80 1597
1349 1598
1826 1599
878 1600
2027 1601
1056 1602
2371 1603
27 1604
321 1605
1720 1606
641 1607
2368 1608
167 1609
585 1610
1002 1611
2247 1612
1185 1613
396 1614
680 1615
850 1616
18 1617
1861 1618
81 1619
136 1620
1539 1621
1606 1622
1508 1623
542 1624
2267 1625
600 1626
1236 1627
1961 1628
1414 1629
266 1630
308 1631
1501 1632
1652 1633
2132 1634
1784 1635
1536 1636
1957 1637
758 1638
2025 1639
2049 1640
138 1641
868 1642
1011 1643
1154 1644
979 1645
1255 1646
1433 1647
1667 1648
1051 1649
1863 1650
1285 1651
2200 1652
514 1653
961 1654
1182 1655
660 1656
1266 1657
1646 1658
577 1659
1111 1660
879 1661
703 1662
0 1663
100 1664
190 1665
2240 1666
1949 1667
598 1668
1898 1669
2167 1670
771 1671
802 1672
812 1673
580 1674
2244 1675
1409 1676
1100 1677
2153 1678
1654 1679
1473 1680
325 1681
633 1682
798 1683
2391 1684
2319 1685
2421 1686
1193 1687
374 1688
1801 1689
1847 1690
1424 1691
1653 1692
96 1693
1330 1694
227 1695
451 1696
1835 1697
1038 1698
619 1699
853 1700
895 1701
2066 1702
2140 1703
1328 1704
1465 1705
984 1706
121 1707
2032 1708
1964 1709
2235 1710
2225 1711
1218 1712
1974 1713
1499 1714
1872 1715
2372 1716
156 1717
832 1718
333 1719
841 1720
2236 1721
2411 1722
2228 1723
37 1724
47 1725
118 1726
301 1727
1745 1728
479 1729
2116 1730
908 1731
2272 1732
2330 1733
1594 1734
2261 1735
1996 1736
1752 1737
1 1738
956 1739
1068 1740
2003 1741
2221 1742
1810 1743
5 1744
1233 1745
418 1746
1357 1747
821 1748
1003 1749
1216 1750
2157 1751
288 1752
401 1753
1721 1754
847 1755
1603 1756
1067 1757
2349 1758
2382 1759
688 1760
677 1761
412 1762
1657 1763
1121 1764
228 1765
1803 1766
1133 1767
73 1768
119 1769
229 1770
1909 1771
1744 1772
1015 1773
2216 1774
1956 1775
1195 1776
2124 1777
141 1778
2141 1779
999 1780
1683 1781
1747 1782
614 1783
754 1784
1790 1785
1548 1786
368 1787
50 1788
133 1789
1372 1790
1439 1791
1894 1792
1899 1793
115 1794
137 1795
231 1796
1611 1797
1693 1798
896 1799
2014 1800
2293 1801
379 1802
2110 1803
1674 1804
1973 1805
2277 1806
346 1807
414 1808
523 1809
583 1810
1538 1811
2318 1812
1249 1813
294 1814
69 1815
1237 1816
1661 1817
250 1818
431 1819
1722 1820
2380 1821
1778 1822
2264 1823
689 1824
725 1825
2087 1826
1370 1827
869 1828
2407 1829
2384 1830
2211 1831
1440 1832
1366 1833
1259 1834
1651 1835
1143 1836
1178 1837
1007 1838
292 1839
1834 1840
2098 1841
858 1842
2057 1843
1788 1844
223 1845
1107 1846
85 1847
2332 1848
2017 1849
116 1850
2288 1851
1190 1852
2408 1853
1118 1854
279 1855
2230 1856
985 1857
1212 1858
38 1859
1684 1860
1583 1861
1712 1862
502 1863
659 1864
2292 1865
1140 1866
1164 1867
1572 1868
2387 1869
990 1870
581 1871
739 1872
734 1873
2383 1874
1163 1875
2172 1876
1354 1877
34 1878
472 1879
1783 1880
752 1881
768 1882
302 1883
1090 1884
929 1885
82 1886
2315 1887
201 1888
298 1889
236 1890
1655 1891
1422 1892
1726 1893
1807 1894
982 1895
1535 1896
1276 1897
1098 1898
584 1899
2071 1900
2215 1901
1194 1902
91 1903
1666 1904
129 1905
2156 1906
1526 1907
1715 1908
801 1909
1605 1910
1337 1911
372 1912
1791 1913
2260 1914
429 1915
1798 1916
1322 1917
2188 1918
1269 1919
1492 1920
1113 1921
2313 1922
1207 1923
268 1924
389 1925
1931 1926
330 1927
1827 1928
2158 1929
676 1930
1982 1931
169 1932
423 1933
781 1934
1149 1935
154 1936
311 1937
1375 1938
1219 1939
1307 1940
1932 1941
714 1942
1148 1943
1610 1944
507 1945
865 1946
1327 1947
2308 1948
25 1949
1242 1950
1005 1951
1702 1952
1092 1953
1215 1954
2136 1955
550 1956
1820 1957
1917 1958
1200 1959
75 1960
456 1961
1659 1962
2077 1963
207 1964
369 1965
1044 1966
1321 1967
1335 1968
1263 1969
2337 1970
1780 1971
2112 1972
1159 1973
1264 1974
293 1975
352 1976
1671 1977
560 1978
2362 1979
1554 1980
1718 1981
674 1982
1764 1983
1509 1984
1066 1985
2053 1986
968 1987
1444 1988
1592 1989
131 1990
2333 1991
1555 1992
2154 1993
817 1994
2280 1995
513 1996
548 1997
1549 1998
1617 1999
1542 2000
1119 2001
382 2002
1281 2003
1453 2004
695 2005
1597 2006
181 2007
478 2008
8 2009
1743 2010
1320 2011
185 2012
2218 2013
1059 2014
2070 2015
55 2016
526 2017
1992 2018
23 2019
2099 2020
1308 2021
1415 2022
1733 2023
2300 2024
738 2025
890 2026
934 2027
1169 2028
126 2029
1260 2030
2171 2031
617 2032
1426 2033
1832 2034
2050 2035
1913 2036
966 2037
2217 2038
1351 2039
1560 2040
2404 2041
960 2042
183 2043
399 2044
700 2045
948 2046
1306 2047
2353 2048
1962 2049
480 2050
1839 2051
1910 2052
1382 2053
359 2054
76 2055
94 2056
1713 2057
753 2058
1161 2059
2011 2060
1568 2061
726 2062
1120 2063
164 2064
1556 2065
784 2066
1638 2067
2194 2068
1410 2069
1493 2070
1781 2071
1378 2072
933 2073
1096 2074
589 2075
1830 2076
620 2077
1132 2078
1748 2079
2065 2080
341 2081
1224 2082
210 2083
1551 2084
1690 2085
1815 2086
914 2087
665 2088
666 2089
1127 2090
555 2091
1701 2092
1006 2093
1226 2094
1682 2095
2089 2096
761 2097
1860 2098
117 2099
541 2100
1145 2101
1942 2102
1279 2103
409 2104
1202 2105
270 2106
1102 2107
699 2108
